bxstore

bx(:,5)

ans =

    3.1407
    2.9279
    3.0067
    2.9630
    1.4654
    0.4005
    0.3305
    0.3832
    0.3517
    0.3563
    
f = 0.7419
    
% Seems to have two local optima; one at
[   3
    3
    3
    .7
    .7
    .7
    .5
    .5
    .5
    .5]

% Another
[   3
    3
    3
    3
    .8
    .5
    .5
    .5
    .5]

% Another
[   2.5
    .5
    .5
    4
    2
    .5
    .5
    1
    .8
    .8]
    
